
6797972
4843992
4575718
1845655
1580742
1442518
1007798
981708
875119
628490
587880
584930
582112
579538
536428
528338
515688
497678
472116
470496
441498
438914
408498
407244
367312
346836
330296
321474
254272
238934
237918
214092
197788
194278
183778
178766
168078
165768
161732
153762
145294
143640
138820
131446
120182
117750
114194
108770
99800
98900
97700
97600
97400
97100
96300
96028
95100
94370
92700
92100
91300
91200
91100
91000
90600
89400
88700
87900
87430
86900
86600
86220
85700
85370
84500
84490
84038
82300
81700
80500
79700
79600
79400
78500
77900
76050
75700
75700
75520
75200
73200
73100
72000
70300
69600
68780
68600
68600
68100
68060
67670
66340
66100
65100
63100
62870
58900
58800
58600
58600
58070
58000
56452
56400
56000
54500
52888
51190
50070
47164
45600
45100
45000
43700
42700
41600
39600
39000
38300
37400
35460
35340
34900
34520
33300
32700
32500
32400
32400
31226
30900
30880
30200
30100
30090
29500
29500
26780
26330
25350
25000
24500
24150
24100
24100
24100
24000
22800
22340
22200
22190
21180
20670
20310
20300
20300
20100
19900
19500
18200
18000
18000
18000
18000
18000
18000
16700
16670
16400
16210
16200
16000
16000
15490
15200
14000
13620
13300
13200
12800
12400
12000
12000
11400
11300
11200
11000
10000
9300
9000
8400
7200
6800
6700
6000
5900
5800
5700
5300
4900
4800
4200
4100
4000
3900
3300
3200
3100
3000
2900
2400
2200
2000
1900
1800
1500
1400
1300
1300
1200
1200
1100
